beta_align: 1
beta_behavior_gen: 1
beta_caption: 1
learning_rate: 0.00010652498000079457
temperature: 0.4557534574912423
weightdecay: 2.853994528794452e-05
z_size: 66
